0.000   -36.192
1.000   -35.999
2.000   -35.409
3.000   -34.387
4.000   -32.870
5.000   -30.751
6.000   -27.848
7.000   -23.820
8.000   -17.840
9.000   -5.026
10.000   6.192
11.000   6.449
12.000   6.719
13.000   7.006
14.000   7.315
15.000   7.650
16.000   8.013
17.000   8.409
18.000   8.838
19.000   9.301
20.000   9.796
21.000   10.322
22.000   10.873
23.000   11.445
24.000   12.033
25.000   12.630
26.000   13.230
27.000   13.826
28.000   14.413
29.000   14.985
30.000   15.537
31.000   16.067
32.000   16.572
33.000   17.052
34.000   17.508
35.000   17.945
36.000   18.365
37.000   18.778
38.000   19.192
39.000   19.616
40.000   20.064
41.000   20.548
42.000   21.081
43.000   21.675
44.000   22.342
45.000   23.092
46.000   23.932
47.000   24.868
48.000   25.900
49.000   27.028
50.000   28.250
51.000   29.558
52.000   30.947
53.000   32.408
54.000   33.931
55.000   35.507
56.000   37.126
57.000   38.780
58.000   40.459
59.000   42.157
60.000   43.865
61.000   45.579
62.000   47.293
63.000   49.006
64.000   50.714
65.000   52.417
66.000   54.115
67.000   55.810
68.000   57.502
69.000   59.196
70.000   60.895
71.000   62.602
72.000   64.321
73.000   66.057
74.000   67.812
75.000   69.592
76.000   71.397
77.000   73.231
78.000   75.096
79.000   76.993
80.000   78.921
81.000   80.880
82.000   82.870
83.000   84.888
84.000   86.933
85.000   89.003
86.000   91.093
87.000   93.203
88.000   95.329
89.000   97.468
90.000   99.618
91.000   101.777
92.000   103.944
93.000   106.116
94.000   108.293
95.000   110.475
96.000   112.660
97.000   114.851
98.000   117.046
99.000   119.248
100.000   121.457
101.000   123.674
102.000   125.900
103.000   128.138
104.000   130.387
105.000   132.650
106.000   134.926
107.000   137.217
108.000   139.524
109.000   141.845
110.000   144.182
111.000   146.534
112.000   148.901
113.000   151.281
114.000   153.675
115.000   156.080
116.000   158.497
117.000   160.924
118.000   163.360
119.000   165.805
120.000   168.256
121.000   170.713
122.000   173.176
123.000   175.644
124.000   178.116
125.000   180.591
126.000   183.070
127.000   185.551
128.000   188.035
129.000   190.521
130.000   193.009
131.000   195.498
132.000   197.989
133.000   200.480
134.000   202.971
135.000   205.463
136.000   207.953
137.000   210.442
138.000   212.928
139.000   215.412
140.000   217.891
141.000   220.366
142.000   222.835
143.000   225.296
144.000   227.750
145.000   230.195
146.000   232.629
147.000   235.053
148.000   237.464
149.000   239.862
150.000   242.245
151.000   244.614
152.000   246.965
153.000   249.300
154.000   251.616
155.000   253.912
156.000   256.187
157.000   258.441
158.000   260.672
159.000   262.879
160.000   265.061
161.000   267.216
162.000   269.343
163.000   271.441
164.000   273.508
165.000   275.544
166.000   277.545
167.000   279.512
168.000   281.443
169.000   283.336
170.000   285.189
171.000   287.001
172.000   288.771
173.000   290.496
174.000   292.176
175.000   293.809
176.000   295.393
177.000   296.926
178.000   298.409
179.000   299.837
180.000   301.212
181.000   302.530
182.000   303.791
183.000   304.993
184.000   306.134
185.000   307.214
186.000   308.231
187.000   309.184
188.000   310.072
189.000   310.893
190.000   311.647
191.000   312.332
192.000   312.948
193.000   313.494
194.000   313.968
195.000   314.371
196.000   314.701
197.000   314.958
198.000   315.142
199.000   315.253
200.000   315.290
201.000   315.288
202.000   315.284
203.000   315.276
204.000   315.265
205.000   315.251
206.000   315.234
207.000   315.214
208.000   315.191
209.000   315.164
210.000   315.135
211.000   315.103
212.000   315.067
213.000   315.030
214.000   314.989
215.000   314.947
216.000   314.902
217.000   314.855
218.000   314.807
219.000   314.757
220.000   314.706
221.000   314.655
222.000   314.602
223.000   314.550
224.000   314.497
225.000   314.444
226.000   314.391
227.000   314.339
228.000   314.288
229.000   314.237
230.000   314.187
231.000   314.138
232.000   314.091
233.000   314.045
234.000   314.001
235.000   313.959
236.000   313.919
237.000   313.882
238.000   313.848
239.000   313.817
240.000   313.790
241.000   313.767
242.000   313.748
243.000   313.734
244.000   313.726
245.000   313.722
246.000   313.725
247.000   313.734
248.000   313.749
249.000   313.771
250.000   313.799
251.000   313.835
252.000   313.877
253.000   313.925
254.000   313.981
255.000   314.044
256.000   314.113
257.000   314.190
258.000   314.273
259.000   314.363
260.000   314.460
261.000   314.564
262.000   314.675
263.000   314.793
264.000   314.918
265.000   315.051
266.000   315.191
267.000   315.338
268.000   315.492
269.000   315.653
270.000   315.822
271.000   315.996
272.000   316.177
273.000   316.364
274.000   316.556
275.000   316.752
276.000   316.952
277.000   317.154
278.000   317.358
279.000   317.563
280.000   317.767
281.000   317.969
282.000   318.170
283.000   318.366
284.000   318.558
285.000   318.744
286.000   318.923
287.000   319.095
288.000   319.259
289.000   319.414
290.000   319.559
291.000   319.693
292.000   319.817
293.000   319.929
294.000   320.029
295.000   320.116
296.000   320.189
297.000   320.248
298.000   320.291
299.000   320.318
300.000   320.328
301.000   320.320
302.000   320.296
303.000   320.254
304.000   320.194
305.000   320.114
306.000   320.013
307.000   319.890
308.000   319.743
309.000   319.572
310.000   319.373
311.000   319.148
312.000   318.894
313.000   318.610
314.000   318.294
315.000   317.948
316.000   317.568
317.000   317.154
318.000   316.707
319.000   316.224
320.000   315.706
321.000   315.152
322.000   314.562
323.000   313.936
324.000   313.273
325.000   312.574
326.000   311.838
327.000   311.065
328.000   310.255
329.000   309.409
330.000   308.526
331.000   307.607
332.000   306.652
333.000   305.660
334.000   304.631
335.000   303.567
336.000   302.467
337.000   301.331
338.000   300.159
339.000   298.952
340.000   297.709
341.000   296.432
342.000   295.120
343.000   293.773
344.000   292.392
345.000   290.977
346.000   289.529
347.000   288.047
348.000   286.533
349.000   284.987
350.000   283.410
351.000   281.802
352.000   280.163
353.000   278.494
354.000   276.797
355.000   275.071
356.000   273.318
357.000   271.537
358.000   269.730
359.000   267.898
360.000   266.041
361.000   264.159
362.000   262.254
363.000   260.327
364.000   258.377
365.000   256.405
366.000   254.413
367.000   252.400
368.000   250.368
369.000   248.317
370.000   246.247
371.000   244.159
372.000   242.054
373.000   239.931
374.000   237.793
375.000   235.638
376.000   233.469
377.000   231.284
378.000   229.086
379.000   226.874
380.000   224.649
381.000   222.412
382.000   220.164
383.000   217.904
384.000   215.635
385.000   213.356
386.000   211.069
387.000   208.774
388.000   206.472
389.000   204.163
390.000   201.850
391.000   199.531
392.000   197.208
393.000   194.882
394.000   192.553
395.000   190.221
396.000   187.888
397.000   185.554
398.000   183.219
399.000   180.883
400.000   178.547
401.000   176.211
402.000   173.876
403.000   171.541
404.000   169.207
405.000   166.874
406.000   164.543
407.000   162.214
408.000   159.887
409.000   157.562
410.000   155.241
411.000   152.924
412.000   150.612
413.000   148.306
414.000   146.006
415.000   143.714
416.000   141.431
417.000   139.157
418.000   136.896
419.000   134.646
420.000   132.411
421.000   130.190
422.000   127.985
423.000   125.796
424.000   123.625
425.000   121.471
426.000   119.335
427.000   117.217
428.000   115.117
429.000   113.033
430.000   110.965
431.000   108.912
432.000   106.871
433.000   104.842
434.000   102.823
435.000   100.811
436.000   98.804
437.000   96.800
438.000   94.797
439.000   92.794
440.000   90.787
441.000   88.777
442.000   86.761
443.000   84.740
444.000   82.711
445.000   80.677
446.000   78.638
447.000   76.594
448.000   74.548
449.000   72.502
450.000   70.460
451.000   68.425
452.000   66.401
453.000   64.393
454.000   62.405
455.000   60.443
456.000   58.512
457.000   56.618
458.000   54.766
459.000   52.961
460.000   51.208
461.000   49.513
462.000   47.877
463.000   46.306
464.000   44.800
465.000   43.362
466.000   41.990
467.000   40.685
468.000   39.444
469.000   38.265
470.000   37.142
471.000   36.072
472.000   35.049
473.000   34.066
474.000   33.117
475.000   32.196
476.000   31.296
477.000   30.412
478.000   29.536
479.000   28.666
480.000   27.795
481.000   26.921
482.000   26.041
483.000   25.153
484.000   24.258
485.000   23.354
486.000   22.442
487.000   21.525
488.000   20.606
489.000   19.687
490.000   18.772
491.000   17.866
492.000   16.973
493.000   16.099
494.000   15.247
495.000   14.424
496.000   13.635
497.000   12.883
498.000   12.173
499.000   11.508
500.000   10.890
501.000   10.321
502.000   9.800
503.000   9.325
504.000   8.896
505.000   8.506
506.000   8.153
507.000   7.830
508.000   7.532
509.000   7.254
510.000   6.990
511.000   6.737
512.000   6.490
513.000   6.247
514.000   6.004
515.000   -16.146
516.000   -22.845
517.000   -27.222
518.000   -30.348
519.000   -32.624
520.000   -34.252
521.000   -35.350
522.000   -35.985
523.000   -36.192

0.000   -36.192
1.000   -35.492
2.000   -33.301
3.000   -29.275
4.000   -22.434
5.000   -7.640
6.000   5.086
7.000   5.443
8.000   5.700
9.000   5.945
10.000   17.734
11.000   26.525
12.000   33.826
13.000   40.473
14.000   46.760
15.000   52.821
16.000   58.727
17.000   64.516
18.000   70.209
19.000   75.818
20.000   81.348
21.000   86.800
22.000   92.176
23.000   97.475
24.000   102.696
25.000   107.840
26.000   112.907
27.000   117.900
28.000   122.823
29.000   127.680
30.000   132.476
31.000   137.217
32.000   141.911
33.000   146.564
34.000   151.184
35.000   155.777
36.000   160.350
37.000   164.909
38.000   169.458
39.000   174.000
40.000   178.539
41.000   183.076
42.000   187.611
43.000   192.142
44.000   196.668
45.000   201.186
46.000   205.693
47.000   210.185
48.000   214.658
49.000   219.108
50.000   223.531
51.000   227.924
52.000   232.283
53.000   236.606
54.000   240.892
55.000   245.140
56.000   249.349
57.000   253.519
58.000   257.652
59.000   261.748
60.000   265.810
61.000   269.840
62.000   273.840
63.000   277.812
64.000   281.758
65.000   285.680
66.000   289.581
67.000   293.460
68.000   297.319
69.000   301.159
70.000   304.979
71.000   308.779
72.000   312.559
73.000   316.316
74.000   320.051
75.000   323.761
76.000   327.445
77.000   331.103
78.000   334.732
79.000   338.331
80.000   341.901
81.000   345.439
82.000   348.946
83.000   352.422
84.000   355.867
85.000   359.281
86.000   362.665
87.000   366.019
88.000   369.344
89.000   372.640
90.000   375.909
91.000   379.150
92.000   382.365
93.000   385.554
94.000   388.716
95.000   391.851
96.000   394.960
97.000   398.041
98.000   401.095
99.000   404.120
100.000   407.115
101.000   410.081
102.000   413.016
103.000   415.919
104.000   418.791
105.000   421.630
106.000   424.436
107.000   427.209
108.000   429.949
109.000   432.656
110.000   435.331
111.000   437.973
112.000   440.583
113.000   443.162
114.000   445.710
115.000   448.227
116.000   450.715
117.000   453.172
118.000   455.601
119.000   458.000
120.000   460.370
121.000   462.711
122.000   465.023
123.000   467.305
124.000   469.558
125.000   471.781
126.000   473.973
127.000   476.135
128.000   478.267
129.000   480.367
130.000   482.436
131.000   484.473
132.000   486.480
133.000   488.454
134.000   490.398
135.000   492.310
136.000   494.191
137.000   496.042
138.000   497.862
139.000   499.652
140.000   501.412
141.000   503.142
142.000   504.842
143.000   506.512
144.000   508.154
145.000   509.765
146.000   511.348
147.000   512.900
148.000   514.423
149.000   515.916
150.000   517.379
151.000   518.812
152.000   520.215
153.000   521.588
154.000   522.930
155.000   524.242
156.000   525.523
157.000   526.774
158.000   527.995
159.000   529.186
160.000   530.347
161.000   531.479
162.000   532.581
163.000   533.654
164.000   534.697
165.000   535.712
166.000   536.697
167.000   537.654
168.000   538.582
169.000   539.482
170.000   540.352
171.000   541.194
172.000   542.007
173.000   542.791
174.000   543.546
175.000   544.272
176.000   544.969
177.000   545.637
178.000   546.276
179.000   546.886
180.000   547.467
181.000   548.019
182.000   548.542
183.000   549.037
184.000   549.502
185.000   549.940
186.000   550.349
187.000   550.730
188.000   551.083
189.000   551.408
190.000   551.704
191.000   551.973
192.000   552.214
193.000   552.426
194.000   552.611
195.000   552.767
196.000   552.895
197.000   552.995
198.000   553.066
199.000   553.109
200.000   553.123
201.000   553.200
202.000   553.432
203.000   553.817
204.000   554.357
205.000   555.048
206.000   555.892
207.000   556.885
208.000   558.028
209.000   559.319
210.000   560.755
211.000   562.336
212.000   564.059
213.000   565.922
214.000   567.924
215.000   570.061
216.000   572.331
217.000   574.733
218.000   577.263
219.000   579.919
220.000   582.698
221.000   585.597
222.000   588.612
223.000   591.741
224.000   594.980
225.000   598.326
226.000   601.775
227.000   605.324
228.000   608.968
229.000   612.704
230.000   616.529
231.000   620.439
232.000   624.429
233.000   628.496
234.000   631.133
235.000   630.724
236.000   630.302
237.000   629.871
238.000   629.430
239.000   628.981
240.000   628.523
241.000   628.056
242.000   627.581
243.000   627.098
244.000   626.607
245.000   626.109
246.000   625.603
247.000   625.091
248.000   624.573
249.000   624.048
250.000   623.518
251.000   622.983
252.000   622.443
253.000   621.898
254.000   621.350
255.000   620.799
256.000   620.244
257.000   619.687
258.000   619.127
259.000   618.566
260.000   618.004
261.000   617.441
262.000   616.878
263.000   616.315
264.000   615.752
265.000   615.191
266.000   614.631
267.000   614.073
268.000   613.518
269.000   612.966
270.000   612.418
271.000   611.875
272.000   611.337
273.000   610.805
274.000   610.280
275.000   609.763
276.000   609.255
277.000   608.757
278.000   608.269
279.000   607.793
280.000   607.329
281.000   606.880
282.000   606.445
283.000   606.025
284.000   605.623
285.000   605.237
286.000   604.871
287.000   604.524
288.000   604.197
289.000   603.891
290.000   603.608
291.000   603.347
292.000   603.110
293.000   602.898
294.000   602.711
295.000   602.551
296.000   602.417
297.000   602.312
298.000   602.235
299.000   602.189
300.000   602.173
301.000   602.186
302.000   602.225
303.000   602.291
304.000   602.385
305.000   602.508
306.000   602.659
307.000   602.840
308.000   603.052
309.000   603.294
310.000   603.568
311.000   603.874
312.000   604.212
313.000   604.584
314.000   604.989
315.000   605.427
316.000   605.899
317.000   606.405
318.000   606.945
319.000   607.520
320.000   608.129
321.000   608.772
322.000   609.449
323.000   610.161
324.000   610.906
325.000   611.685
326.000   612.497
327.000   613.343
328.000   614.221
329.000   615.133
330.000   616.076
331.000   617.051
332.000   618.058
333.000   619.096
334.000   620.164
335.000   621.263
336.000   622.391
337.000   623.547
338.000   624.732
339.000   625.945
340.000   627.185
341.000   628.451
342.000   629.743
343.000   631.059
344.000   632.400
345.000   633.764
346.000   635.151
347.000   636.559
348.000   637.988
349.000   639.437
350.000   640.906
351.000   642.393
352.000   643.898
353.000   645.419
354.000   646.957
355.000   648.510
356.000   650.077
357.000   651.658
358.000   653.252
359.000   654.857
360.000   656.475
361.000   658.102
362.000   659.740
363.000   661.387
364.000   663.042
365.000   664.705
366.000   666.374
367.000   668.050
368.000   669.732
369.000   671.419
370.000   673.110
371.000   674.805
372.000   676.502
373.000   678.202
374.000   679.891
375.000   677.163
376.000   673.262
377.000   669.343
378.000   665.407
379.000   661.455
380.000   657.487
381.000   653.504
382.000   649.505
383.000   645.491
384.000   641.463
385.000   637.420
386.000   633.364
387.000   629.294
388.000   625.210
389.000   621.114
390.000   617.006
391.000   612.885
392.000   608.752
393.000   604.606
394.000   600.449
395.000   596.280
396.000   592.099
397.000   587.906
398.000   583.701
399.000   579.483
400.000   575.253
401.000   571.010
402.000   566.754
403.000   562.486
404.000   558.204
405.000   553.909
406.000   549.602
407.000   545.281
408.000   540.948
409.000   536.603
410.000   532.245
411.000   527.876
412.000   523.496
413.000   519.105
414.000   514.703
415.000   510.292
416.000   505.872
417.000   501.442
418.000   497.004
419.000   492.558
420.000   488.104
421.000   483.642
422.000   479.172
423.000   474.695
424.000   470.209
425.000   465.714
426.000   461.211
427.000   456.698
428.000   452.176
429.000   447.643
430.000   443.101
431.000   438.547
432.000   433.982
433.000   429.405
434.000   424.817
435.000   420.218
436.000   415.607
437.000   410.986
438.000   406.353
439.000   401.711
440.000   397.059
441.000   392.399
442.000   387.731
443.000   383.056
444.000   378.374
445.000   373.687
446.000   368.995
447.000   364.298
448.000   359.597
449.000   354.892
450.000   350.182
451.000   345.467
452.000   340.747
453.000   336.022
454.000   331.289
455.000   326.548
456.000   321.798
457.000   317.038
458.000   312.267
459.000   307.484
460.000   302.687
461.000   297.876
462.000   293.051
463.000   288.211
464.000   283.356
465.000   278.488
466.000   273.606
467.000   268.711
468.000   263.805
469.000   258.890
470.000   253.967
471.000   249.038
472.000   244.105
473.000   239.169
474.000   234.233
475.000   229.298
476.000   224.364
477.000   219.432
478.000   214.503
479.000   209.575
480.000   204.648
481.000   199.719
482.000   194.786
483.000   189.846
484.000   184.895
485.000   179.929
486.000   174.944
487.000   169.935
488.000   164.897
489.000   159.826
490.000   154.717
491.000   149.566
492.000   144.370
493.000   139.125
494.000   133.829
495.000   128.482
496.000   123.081
497.000   117.629
498.000   112.125
499.000   106.572
500.000   100.972
501.000   95.327
502.000   89.640
503.000   83.912
504.000   78.144
505.000   72.333
506.000   66.475
507.000   60.556
508.000   54.555
509.000   48.435
510.000   42.130
511.000   35.518
512.000   28.351
513.000   19.982
514.000   6.738
515.000   5.762
516.000   5.508
517.000   5.185
518.000   -1.226
519.000   -21.123
520.000   -28.719
521.000   -33.085
522.000   -35.442
523.000   -36.192

0.000   4.839
1.000   4.862
2.000   4.935
3.000   5.063
4.000   5.289
5.000   6.598
6.000   22.935
7.000   34.602
8.000   44.499
9.000   53.627
10.000   62.344
11.000   70.817
12.000   79.136
13.000   87.356
14.000   95.511
15.000   103.621
16.000   111.700
17.000   119.755
18.000   127.791
19.000   135.809
20.000   143.811
21.000   151.795
22.000   159.761
23.000   167.705
24.000   175.626
25.000   183.522
26.000   191.392
27.000   199.234
28.000   207.048
29.000   214.833
30.000   222.588
31.000   230.315
32.000   238.013
33.000   245.684
34.000   253.330
35.000   260.951
36.000   268.548
37.000   276.124
38.000   283.681
39.000   291.218
40.000   298.738
41.000   306.242
42.000   313.729
43.000   321.202
44.000   328.661
45.000   336.104
46.000   343.533
47.000   350.948
48.000   358.347
49.000   365.732
50.000   373.100
51.000   380.452
52.000   387.786
53.000   395.104
54.000   402.403
55.000   409.685
56.000   416.948
57.000   424.192
58.000   431.418
59.000   438.625
60.000   445.813
61.000   452.982
62.000   460.133
63.000   467.265
64.000   474.379
65.000   481.475
66.000   488.553
67.000   495.612
68.000   502.655
69.000   509.679
70.000   516.684
71.000   523.672
72.000   530.642
73.000   537.592
74.000   544.524
75.000   551.437
76.000   558.331
77.000   565.205
78.000   572.059
79.000   578.893
80.000   585.707
81.000   592.500
82.000   599.273
83.000   606.024
84.000   612.755
85.000   619.465
86.000   626.153
87.000   632.820
88.000   639.466
89.000   646.090
90.000   652.693
91.000   659.273
92.000   665.832
93.000   672.369
94.000   678.883
95.000   685.374
96.000   691.843
97.000   698.289
98.000   704.711
99.000   711.110
100.000   717.484
101.000   723.834
102.000   730.160
103.000   736.460
104.000   742.734
105.000   748.973
106.000   753.816
107.000   752.603
108.000   751.292
109.000   749.966
110.000   748.628
111.000   747.279
112.000   745.920
113.000   744.550
114.000   743.171
115.000   741.781
116.000   740.382
117.000   738.973
118.000   737.555
119.000   736.128
120.000   734.692
121.000   733.248
122.000   731.795
123.000   730.333
124.000   728.864
125.000   727.387
126.000   725.902
127.000   724.410
128.000   722.911
129.000   721.406
130.000   719.894
131.000   718.376
132.000   716.852
133.000   715.322
134.000   713.787
135.000   712.248
136.000   710.704
137.000   709.157
138.000   707.605
139.000   706.051
140.000   704.494
141.000   702.935
142.000   701.374
143.000   699.813
144.000   698.251
145.000   696.689
146.000   695.127
147.000   693.568
148.000   692.010
149.000   690.455
150.000   688.903
151.000   687.355
152.000   685.813
153.000   684.276
154.000   682.745
155.000   681.222
156.000   679.708
157.000   678.202
158.000   676.707
159.000   675.222
160.000   673.750
161.000   672.291
162.000   670.845
163.000   669.415
164.000   668.002
165.000   666.606
166.000   665.228
167.000   663.871
168.000   662.534
169.000   661.220
170.000   659.929
171.000   658.662
172.000   657.422
173.000   656.209
174.000   655.025
175.000   653.871
176.000   652.748
177.000   651.658
178.000   650.602
179.000   649.581
180.000   648.596
181.000   647.650
182.000   646.743
183.000   645.876
184.000   645.052
185.000   644.270
186.000   643.533
187.000   642.841
188.000   642.196
189.000   641.598
190.000   641.049
191.000   640.549
192.000   640.099
193.000   639.701
194.000   639.354
195.000   639.059
196.000   638.818
197.000   638.629
198.000   638.495
199.000   638.414
200.000   638.387
201.000   638.380
202.000   638.361
203.000   638.328
204.000   638.283
205.000   638.224
206.000   638.152
207.000   638.068
208.000   637.970
209.000   637.860
210.000   637.737
211.000   637.601
212.000   637.452
213.000   637.291
214.000   637.116
215.000   636.930
216.000   636.730
217.000   636.519
218.000   636.295
219.000   636.058
220.000   635.810
221.000   635.549
222.000   635.277
223.000   634.993
224.000   634.697
225.000   634.390
226.000   634.071
227.000   633.742
228.000   633.401
229.000   633.050
230.000   632.688
231.000   632.316
232.000   631.933
233.000   631.541
234.000   632.644
235.000   636.855
236.000   641.135
237.000   645.479
238.000   649.884
239.000   654.347
240.000   658.865
241.000   663.434
242.000   668.052
243.000   672.714
244.000   677.418
245.000   682.160
246.000   686.938
247.000   691.746
248.000   696.582
249.000   701.442
250.000   706.322
251.000   711.218
252.000   716.126
253.000   721.042
254.000   725.963
255.000   730.883
256.000   735.800
257.000   740.710
258.000   745.609
259.000   750.492
260.000   755.357
261.000   760.200
262.000   765.018
263.000   769.806
264.000   774.561
265.000   779.279
266.000   783.956
267.000   788.589
268.000   793.172
269.000   797.701
270.000   802.172
271.000   806.578
272.000   810.915
273.000   815.176
274.000   819.356
275.000   823.447
276.000   827.444
277.000   831.338
278.000   835.125
279.000   838.795
280.000   842.343
281.000   845.761
282.000   849.042
283.000   852.180
284.000   855.168
285.000   858.000
286.000   860.670
287.000   863.173
288.000   865.504
289.000   867.658
290.000   869.632
291.000   871.423
292.000   873.026
293.000   874.441
294.000   875.666
295.000   876.700
296.000   877.542
297.000   878.194
298.000   878.657
299.000   878.933
300.000   879.024
301.000   878.952
302.000   878.736
303.000   878.380
304.000   877.889
305.000   877.265
306.000   876.513
307.000   875.638
308.000   874.643
309.000   873.534
310.000   872.314
311.000   870.989
312.000   869.562
313.000   868.037
314.000   866.420
315.000   864.713
316.000   862.920
317.000   861.046
318.000   859.093
319.000   857.065
320.000   854.965
321.000   852.795
322.000   850.558
323.000   848.258
324.000   845.896
325.000   843.475
326.000   840.996
327.000   838.463
328.000   835.877
329.000   833.240
330.000   830.554
331.000   827.821
332.000   825.042
333.000   822.219
334.000   819.354
335.000   816.449
336.000   813.504
337.000   810.521
338.000   807.501
339.000   804.446
340.000   801.357
341.000   798.234
342.000   795.079
343.000   791.893
344.000   788.677
345.000   785.430
346.000   782.155
347.000   778.852
348.000   775.522
349.000   772.164
350.000   768.780
351.000   765.371
352.000   761.937
353.000   758.478
354.000   754.995
355.000   751.489
356.000   747.960
357.000   744.409
358.000   740.836
359.000   737.242
360.000   733.627
361.000   729.992
362.000   726.338
363.000   722.663
364.000   718.970
365.000   715.258
366.000   711.528
367.000   707.780
368.000   704.014
369.000   700.231
370.000   696.430
371.000   692.612
372.000   688.777
373.000   684.925
374.000   681.068
375.000   681.614
376.000   683.317
377.000   685.021
378.000   686.725
379.000   688.428
380.000   690.130
381.000   691.830
382.000   693.527
383.000   695.222
384.000   696.914
385.000   698.601
386.000   700.285
387.000   701.964
388.000   703.637
389.000   705.306
390.000   706.968
391.000   708.624
392.000   710.274
393.000   711.917
394.000   713.552
395.000   715.181
396.000   716.801
397.000   718.413
398.000   720.017
399.000   721.613
400.000   723.200
401.000   724.778
402.000   726.347
403.000   727.906
404.000   729.456
405.000   730.997
406.000   732.527
407.000   734.048
408.000   735.558
409.000   737.058
410.000   738.548
411.000   740.027
412.000   741.494
413.000   742.951
414.000   744.395
415.000   745.821
416.000   744.238
417.000   738.888
418.000   733.491
419.000   728.055
420.000   722.580
421.000   717.068
422.000   711.519
423.000   705.932
424.000   700.307
425.000   694.645
426.000   688.946
427.000   683.209
428.000   677.434
429.000   671.622
430.000   665.771
431.000   659.883
432.000   653.957
433.000   647.992
434.000   641.990
435.000   635.950
436.000   629.872
437.000   623.756
438.000   617.604
439.000   611.415
440.000   605.190
441.000   598.928
442.000   592.631
443.000   586.300
444.000   579.933
445.000   573.533
446.000   567.099
447.000   560.632
448.000   554.131
449.000   547.597
450.000   541.031
451.000   534.432
452.000   527.801
453.000   521.136
454.000   514.439
455.000   507.709
456.000   500.946
457.000   494.151
458.000   487.322
459.000   480.460
460.000   473.566
461.000   466.638
462.000   459.679
463.000   452.689
464.000   445.667
465.000   438.616
466.000   431.534
467.000   424.425
468.000   417.287
469.000   410.124
470.000   402.934
471.000   395.721
472.000   388.483
473.000   381.222
474.000   373.939
475.000   366.634
476.000   359.306
477.000   351.956
478.000   344.584
479.000   337.187
480.000   329.766
481.000   322.318
482.000   314.843
483.000   307.338
484.000   299.801
485.000   292.230
486.000   284.623
487.000   276.978
488.000   269.293
489.000   261.567
490.000   253.797
491.000   245.983
492.000   238.124
493.000   230.220
494.000   222.272
495.000   214.280
496.000   206.247
497.000   198.173
498.000   190.063
499.000   181.918
500.000   173.742
501.000   165.539
502.000   157.312
503.000   149.065
504.000   140.801
505.000   132.522
506.000   124.228
507.000   115.919
508.000   107.592
509.000   99.239
510.000   90.849
511.000   82.401
512.000   73.866
513.000   65.191
514.000   56.294
515.000   47.022
516.000   37.063
517.000   25.592
518.000   8.764
519.000   5.340
520.000   5.081
521.000   4.942
522.000   4.864
523.000   4.839

0.000   831.977
1.000   831.955
2.000   831.890
3.000   831.783
4.000   831.638
5.000   831.458
6.000   831.248
7.000   831.010
8.000   830.749
9.000   830.469
10.000   830.171
11.000   829.859
12.000   829.534
13.000   829.197
14.000   828.849
15.000   828.491
16.000   828.124
17.000   827.747
18.000   827.361
19.000   826.965
20.000   826.561
21.000   826.147
22.000   825.724
23.000   825.292
24.000   824.850
25.000   824.399
26.000   823.939
27.000   823.469
28.000   822.989
29.000   822.501
30.000   822.003
31.000   821.495
32.000   820.978
33.000   820.452
34.000   819.916
35.000   819.371
36.000   818.816
37.000   818.252
38.000   817.678
39.000   817.094
40.000   816.501
41.000   815.898
42.000   815.285
43.000   814.662
44.000   814.030
45.000   813.386
46.000   812.733
47.000   812.069
48.000   811.395
49.000   810.711
50.000   810.016
51.000   809.310
52.000   808.594
53.000   807.867
54.000   807.130
55.000   806.382
56.000   805.624
57.000   804.855
58.000   804.076
59.000   803.287
60.000   802.488
61.000   801.678
62.000   800.858
63.000   800.028
64.000   799.188
65.000   798.337
66.000   797.477
67.000   796.606
68.000   795.724
69.000   794.832
70.000   793.929
71.000   793.015
72.000   792.091
73.000   791.155
74.000   790.208
75.000   789.249
76.000   788.279
77.000   787.297
78.000   786.304
79.000   785.298
80.000   784.281
81.000   783.252
82.000   782.211
83.000   781.158
84.000   780.094
85.000   779.018
86.000   777.930
87.000   776.831
88.000   775.721
89.000   774.600
90.000   773.467
91.000   772.324
92.000   771.171
93.000   770.007
94.000   768.832
95.000   767.647
96.000   766.452
97.000   765.246
98.000   764.030
99.000   762.805
100.000   761.569
101.000   760.323
102.000   759.067
103.000   757.802
104.000   756.528
105.000   755.254
106.000   755.342
107.000   761.449
108.000   767.620
109.000   773.771
110.000   779.898
111.000   786.002
112.000   792.082
113.000   798.137
114.000   804.168
115.000   810.175
116.000   816.157
117.000   822.114
118.000   828.047
119.000   833.955
120.000   839.839
121.000   845.697
122.000   851.530
123.000   857.337
124.000   863.119
125.000   868.874
126.000   874.603
127.000   880.305
128.000   885.980
129.000   891.628
130.000   897.248
131.000   902.840
132.000   908.404
133.000   913.939
134.000   919.446
135.000   924.924
136.000   930.373
137.000   935.792
138.000   941.182
139.000   946.542
140.000   951.872
141.000   957.172
142.000   962.442
143.000   967.680
144.000   972.888
145.000   978.064
146.000   983.208
147.000   988.321
148.000   993.400
149.000   998.447
150.000   1003.460
151.000   1008.439
152.000   1013.383
153.000   1018.293
154.000   1023.166
155.000   1028.003
156.000   1032.803
157.000   1037.566
158.000   1042.290
159.000   1046.974
160.000   1051.619
161.000   1056.222
162.000   1060.783
163.000   1065.302
164.000   1069.775
165.000   1074.203
166.000   1078.585
167.000   1082.917
168.000   1087.199
169.000   1091.429
170.000   1095.605
171.000   1099.724
172.000   1103.784
173.000   1107.783
174.000   1111.717
175.000   1115.584
176.000   1119.380
177.000   1123.102
178.000   1126.745
179.000   1130.305
180.000   1133.777
181.000   1137.157
182.000   1140.438
183.000   1143.614
184.000   1146.679
185.000   1149.626
186.000   1152.447
187.000   1155.135
188.000   1157.679
189.000   1160.071
190.000   1162.302
191.000   1164.362
192.000   1166.240
193.000   1167.927
194.000   1169.413
195.000   1170.688
196.000   1171.744
197.000   1172.575
198.000   1173.172
199.000   1173.532
200.000   1173.653
201.000   1173.633
202.000   1173.575
203.000   1173.477
204.000   1173.341
205.000   1173.166
206.000   1172.953
207.000   1172.701
208.000   1172.411
209.000   1172.083
210.000   1171.717
211.000   1171.314
212.000   1170.874
213.000   1170.397
214.000   1169.884
215.000   1169.334
216.000   1168.749
217.000   1168.129
218.000   1167.474
219.000   1166.784
220.000   1166.060
221.000   1165.302
222.000   1164.511
223.000   1163.687
224.000   1162.830
225.000   1161.942
226.000   1161.023
227.000   1160.072
228.000   1159.092
229.000   1158.082
230.000   1157.043
231.000   1155.976
232.000   1154.881
233.000   1153.759
234.000   1152.610
235.000   1151.436
236.000   1150.236
237.000   1149.012
238.000   1147.764
239.000   1146.493
240.000   1145.199
241.000   1143.883
242.000   1142.547
243.000   1141.189
244.000   1139.813
245.000   1138.417
246.000   1137.004
247.000   1135.573
248.000   1134.127
249.000   1132.665
250.000   1131.189
251.000   1129.701
252.000   1128.201
253.000   1126.690
254.000   1125.170
255.000   1123.642
256.000   1122.107
257.000   1120.568
258.000   1119.025
259.000   1117.480
260.000   1115.934
261.000   1114.390
262.000   1112.848
263.000   1111.312
264.000   1109.782
265.000   1108.261
266.000   1106.751
267.000   1105.254
268.000   1103.773
269.000   1102.310
270.000   1100.868
271.000   1099.451
272.000   1098.059
273.000   1096.698
274.000   1095.371
275.000   1094.080
276.000   1092.829
277.000   1091.622
278.000   1090.462
279.000   1089.353
280.000   1088.298
281.000   1087.300
282.000   1086.363
283.000   1085.489
284.000   1084.681
285.000   1083.940
286.000   1083.268
287.000   1082.666
288.000   1082.134
289.000   1081.672
290.000   1081.278
291.000   1080.950
292.000   1080.684
293.000   1080.477
294.000   1080.323
295.000   1080.216
296.000   1080.148
297.000   1080.113
298.000   1080.099
299.000   1080.099
300.000   1080.101
301.000   1080.097
302.000   1080.079
303.000   1080.039
304.000   1079.970
305.000   1079.865
306.000   1079.716
307.000   1079.518
308.000   1079.264
309.000   1078.950
310.000   1078.570
311.000   1078.122
312.000   1077.602
313.000   1077.009
314.000   1076.339
315.000   1075.594
316.000   1074.770
317.000   1073.870
318.000   1072.893
319.000   1071.840
320.000   1070.712
321.000   1069.511
322.000   1068.237
323.000   1066.893
324.000   1065.481
325.000   1064.001
326.000   1062.457
327.000   1060.850
328.000   1059.183
329.000   1057.456
330.000   1055.672
331.000   1053.833
332.000   1051.940
333.000   1049.994
334.000   1047.998
335.000   1045.953
336.000   1043.859
337.000   1041.719
338.000   1039.532
339.000   1037.300
340.000   1035.023
341.000   1032.702
342.000   1030.338
343.000   1027.930
344.000   1025.480
345.000   1022.988
346.000   1020.454
347.000   1017.877
348.000   1015.259
349.000   1012.600
350.000   1009.900
351.000   1007.159
352.000   1004.377
353.000   1001.555
354.000   998.693
355.000   995.791
356.000   992.849
357.000   989.868
358.000   986.849
359.000   983.790
360.000   980.694
361.000   977.558
362.000   974.385
363.000   971.174
364.000   967.924
365.000   964.636
366.000   961.310
367.000   957.946
368.000   954.544
369.000   951.102
370.000   947.622
371.000   944.102
372.000   940.543
373.000   936.945
374.000   933.306
375.000   929.627
376.000   925.908
377.000   922.148
378.000   918.347
379.000   914.506
380.000   910.624
381.000   906.701
382.000   902.738
383.000   898.734
384.000   894.691
385.000   890.607
386.000   886.483
387.000   882.319
388.000   878.116
389.000   873.873
390.000   869.591
391.000   865.270
392.000   860.910
393.000   856.511
394.000   852.072
395.000   847.594
396.000   843.077
397.000   838.521
398.000   833.924
399.000   829.288
400.000   824.611
401.000   819.894
402.000   815.137
403.000   810.338
404.000   805.499
405.000   800.619
406.000   795.697
407.000   790.735
408.000   785.732
409.000   780.688
410.000   775.603
411.000   770.478
412.000   765.313
413.000   760.109
414.000   754.866
415.000   749.590
416.000   747.274
417.000   748.674
418.000   750.072
419.000   751.459
420.000   752.834
421.000   754.198
422.000   755.549
423.000   756.888
424.000   758.215
425.000   759.529
426.000   760.831
427.000   762.121
428.000   763.399
429.000   764.664
430.000   765.918
431.000   767.159
432.000   768.389
433.000   769.607
434.000   770.814
435.000   772.009
436.000   773.193
437.000   774.366
438.000   775.527
439.000   776.677
440.000   777.817
441.000   778.945
442.000   780.062
443.000   781.168
444.000   782.263
445.000   783.346
446.000   784.418
447.000   785.478
448.000   786.527
449.000   787.563
450.000   788.588
451.000   789.600
452.000   790.600
453.000   791.587
454.000   792.562
455.000   793.524
456.000   794.473
457.000   795.409
458.000   796.333
459.000   797.243
460.000   798.141
461.000   799.027
462.000   799.899
463.000   800.759
464.000   801.607
465.000   802.443
466.000   803.267
467.000   804.079
468.000   804.880
469.000   805.669
470.000   806.448
471.000   807.215
472.000   807.971
473.000   808.717
474.000   809.452
475.000   810.177
476.000   810.892
477.000   811.596
478.000   812.290
479.000   812.974
480.000   813.647
481.000   814.311
482.000   814.964
483.000   815.607
484.000   816.239
485.000   816.861
486.000   817.473
487.000   818.074
488.000   818.665
489.000   819.245
490.000   819.815
491.000   820.374
492.000   820.923
493.000   821.461
494.000   821.989
495.000   822.506
496.000   823.012
497.000   823.508
498.000   823.994
499.000   824.469
500.000   824.935
501.000   825.390
502.000   825.835
503.000   826.270
504.000   826.695
505.000   827.110
506.000   827.515
507.000   827.911
508.000   828.297
509.000   828.672
510.000   829.037
511.000   829.391
512.000   829.733
513.000   830.062
514.000   830.375
515.000   830.671
516.000   830.947
517.000   831.199
518.000   831.423
519.000   831.615
520.000   831.770
521.000   831.884
522.000   831.954
523.000   831.977

0.000   1394.599
1.000   1394.589
2.000   1394.560
3.000   1394.512
4.000   1394.444
5.000   1394.357
6.000   1394.251
7.000   1394.127
8.000   1393.984
9.000   1393.824
10.000   1393.646
11.000   1393.452
12.000   1393.241
13.000   1393.016
14.000   1392.776
15.000   1392.522
16.000   1392.256
17.000   1391.979
18.000   1391.690
19.000   1391.391
20.000   1391.083
21.000   1390.767
22.000   1390.442
23.000   1390.110
24.000   1389.770
25.000   1389.423
26.000   1389.069
27.000   1388.706
28.000   1388.336
29.000   1387.957
30.000   1387.569
31.000   1387.170
32.000   1386.761
33.000   1386.340
34.000   1385.906
35.000   1385.459
36.000   1384.998
37.000   1384.523
38.000   1384.032
39.000   1383.526
40.000   1383.005
41.000   1382.468
42.000   1381.916
43.000   1381.350
44.000   1380.770
45.000   1380.176
46.000   1379.570
47.000   1378.953
48.000   1378.326
49.000   1377.689
50.000   1377.044
51.000   1376.391
52.000   1375.731
53.000   1375.065
54.000   1374.394
55.000   1373.718
56.000   1373.037
57.000   1372.351
58.000   1371.661
59.000   1370.966
60.000   1370.267
61.000   1369.562
62.000   1368.852
63.000   1368.137
64.000   1367.415
65.000   1366.688
66.000   1365.954
67.000   1365.215
68.000   1364.468
69.000   1363.716
70.000   1362.957
71.000   1362.193
72.000   1361.423
73.000   1360.648
74.000   1359.869
75.000   1359.085
76.000   1358.298
77.000   1357.507
78.000   1356.714
79.000   1355.919
80.000   1355.123
81.000   1354.324
82.000   1353.525
83.000   1352.725
84.000   1351.924
85.000   1351.122
86.000   1350.320
87.000   1349.517
88.000   1348.714
89.000   1347.910
90.000   1347.106
91.000   1346.301
92.000   1345.497
93.000   1344.691
94.000   1343.886
95.000   1343.081
96.000   1342.277
97.000   1341.473
98.000   1340.671
99.000   1339.869
100.000   1339.070
101.000   1338.273
102.000   1337.479
103.000   1336.687
104.000   1335.899
105.000   1335.114
106.000   1334.333
107.000   1333.555
108.000   1332.782
109.000   1332.013
110.000   1331.249
111.000   1330.488
112.000   1329.732
113.000   1328.981
114.000   1328.234
115.000   1327.491
116.000   1326.753
117.000   1326.020
118.000   1325.291
119.000   1324.567
120.000   1323.848
121.000   1323.135
122.000   1322.426
123.000   1321.724
124.000   1321.028
125.000   1320.337
126.000   1319.653
127.000   1318.976
128.000   1318.306
129.000   1317.643
130.000   1316.987
131.000   1316.338
132.000   1315.697
133.000   1315.063
134.000   1314.437
135.000   1313.819
136.000   1313.208
137.000   1312.604
138.000   1312.008
139.000   1311.420
140.000   1310.839
141.000   1310.266
142.000   1309.700
143.000   1309.142
144.000   1308.592
145.000   1308.050
146.000   1307.516
147.000   1306.990
148.000   1306.472
149.000   1305.963
150.000   1305.463
151.000   1304.972
152.000   1304.491
153.000   1304.018
154.000   1303.555
155.000   1303.101
156.000   1302.657
157.000   1302.223
158.000   1301.798
159.000   1301.383
160.000   1300.977
161.000   1300.581
162.000   1300.195
163.000   1299.818
164.000   1299.450
165.000   1299.092
166.000   1298.744
167.000   1298.405
168.000   1298.075
169.000   1297.755
170.000   1297.445
171.000   1297.145
172.000   1296.854
173.000   1296.573
174.000   1296.303
175.000   1296.042
176.000   1295.791
177.000   1295.551
178.000   1295.321
179.000   1295.101
180.000   1294.891
181.000   1294.692
182.000   1294.502
183.000   1294.324
184.000   1294.155
185.000   1293.996
186.000   1293.848
187.000   1293.710
188.000   1293.581
189.000   1293.463
190.000   1293.355
191.000   1293.257
192.000   1293.169
193.000   1293.092
194.000   1293.024
195.000   1292.967
196.000   1292.920
197.000   1292.884
198.000   1292.857
199.000   1292.842
200.000   1292.837
201.000   1292.840
202.000   1292.851
203.000   1292.869
204.000   1292.893
205.000   1292.925
206.000   1292.964
207.000   1293.009
208.000   1293.061
209.000   1293.119
210.000   1293.183
211.000   1293.252
212.000   1293.327
213.000   1293.407
214.000   1293.491
215.000   1293.578
216.000   1293.668
217.000   1293.760
218.000   1293.853
219.000   1293.945
220.000   1294.035
221.000   1294.121
222.000   1294.201
223.000   1294.273
224.000   1294.332
225.000   1294.375
226.000   1294.396
227.000   1294.387
228.000   1294.339
229.000   1294.239
230.000   1294.073
231.000   1293.820
232.000   1293.462
233.000   1292.982
234.000   1292.369
235.000   1291.622
236.000   1290.750
237.000   1289.768
238.000   1288.691
239.000   1287.535
240.000   1286.314
241.000   1285.036
242.000   1283.710
243.000   1282.343
244.000   1280.939
245.000   1279.504
246.000   1278.039
247.000   1276.549
248.000   1275.034
249.000   1273.498
250.000   1271.942
251.000   1270.368
252.000   1268.776
253.000   1267.169
254.000   1265.548
255.000   1263.913
256.000   1262.266
257.000   1260.608
258.000   1258.941
259.000   1257.266
260.000   1255.584
261.000   1253.896
262.000   1252.204
263.000   1250.509
264.000   1248.813
265.000   1247.117
266.000   1245.423
267.000   1243.733
268.000   1242.047
269.000   1240.369
270.000   1238.698
271.000   1237.038
272.000   1235.388
273.000   1233.752
274.000   1232.131
275.000   1230.525
276.000   1228.937
277.000   1227.369
278.000   1225.822
279.000   1224.298
280.000   1222.799
281.000   1221.327
282.000   1219.885
283.000   1218.476
284.000   1217.102
285.000   1215.767
286.000   1214.474
287.000   1213.229
288.000   1212.035
289.000   1210.898
290.000   1209.823
291.000   1208.817
292.000   1207.886
293.000   1207.036
294.000   1206.276
295.000   1205.612
296.000   1205.052
297.000   1204.603
298.000   1204.274
299.000   1204.072
300.000   1204.003
301.000   1204.060
302.000   1204.233
303.000   1204.527
304.000   1204.944
305.000   1205.486
306.000   1206.155
307.000   1206.953
308.000   1207.878
309.000   1208.932
310.000   1210.111
311.000   1211.414
312.000   1212.840
313.000   1214.383
314.000   1216.042
315.000   1217.812
316.000   1219.688
317.000   1221.667
318.000   1223.744
319.000   1225.913
320.000   1228.171
321.000   1230.511
322.000   1232.930
323.000   1235.421
324.000   1237.981
325.000   1240.603
326.000   1243.283
327.000   1246.015
328.000   1248.794
329.000   1251.614
330.000   1254.469
331.000   1257.353
332.000   1260.259
333.000   1263.180
334.000   1266.107
335.000   1269.030
336.000   1271.938
337.000   1274.818
338.000   1277.652
339.000   1280.420
340.000   1283.096
341.000   1285.649
342.000   1288.041
343.000   1290.235
344.000   1292.195
345.000   1293.901
346.000   1295.350
347.000   1296.559
348.000   1297.560
349.000   1298.390
350.000   1299.084
351.000   1299.674
352.000   1300.182
353.000   1300.630
354.000   1301.031
355.000   1301.398
356.000   1301.738
357.000   1302.058
358.000   1302.364
359.000   1302.660
360.000   1302.949
361.000   1303.234
362.000   1303.517
363.000   1303.799
364.000   1304.083
365.000   1304.370
366.000   1304.661
367.000   1304.956
368.000   1305.257
369.000   1305.564
370.000   1305.878
371.000   1306.200
372.000   1306.530
373.000   1306.868
374.000   1307.215
375.000   1307.571
376.000   1307.937
377.000   1308.313
378.000   1308.698
379.000   1309.093
380.000   1309.499
381.000   1309.915
382.000   1310.341
383.000   1310.777
384.000   1311.224
385.000   1311.681
386.000   1312.148
387.000   1312.626
388.000   1313.114
389.000   1313.613
390.000   1314.122
391.000   1314.641
392.000   1315.171
393.000   1315.711
394.000   1316.261
395.000   1316.821
396.000   1317.391
397.000   1317.971
398.000   1318.561
399.000   1319.161
400.000   1319.771
401.000   1320.390
402.000   1321.019
403.000   1321.657
404.000   1322.304
405.000   1322.960
406.000   1323.625
407.000   1324.299
408.000   1324.981
409.000   1325.672
410.000   1326.370
411.000   1327.077
412.000   1327.791
413.000   1328.512
414.000   1329.241
415.000   1329.977
416.000   1330.720
417.000   1331.470
418.000   1332.225
419.000   1332.988
420.000   1333.756
421.000   1334.530
422.000   1335.309
423.000   1336.093
424.000   1336.883
425.000   1337.677
426.000   1338.476
427.000   1339.279
428.000   1340.085
429.000   1340.896
430.000   1341.709
431.000   1342.526
432.000   1343.345
433.000   1344.166
434.000   1344.990
435.000   1345.815
436.000   1346.642
437.000   1347.470
438.000   1348.299
439.000   1349.129
440.000   1349.960
441.000   1350.790
442.000   1351.621
443.000   1352.451
444.000   1353.280
445.000   1354.109
446.000   1354.937
447.000   1355.763
448.000   1356.587
449.000   1357.409
450.000   1358.229
451.000   1359.047
452.000   1359.861
453.000   1360.672
454.000   1361.479
455.000   1362.282
456.000   1363.080
457.000   1363.874
458.000   1364.663
459.000   1365.446
460.000   1366.223
461.000   1366.995
462.000   1367.760
463.000   1368.518
464.000   1369.270
465.000   1370.015
466.000   1370.752
467.000   1371.482
468.000   1372.205
469.000   1372.920
470.000   1373.627
471.000   1374.326
472.000   1375.017
473.000   1375.700
474.000   1376.374
475.000   1377.039
476.000   1377.696
477.000   1378.343
478.000   1378.980
479.000   1379.607
480.000   1380.225
481.000   1380.831
482.000   1381.426
483.000   1382.010
484.000   1382.582
485.000   1383.142
486.000   1383.690
487.000   1384.225
488.000   1384.747
489.000   1385.256
490.000   1385.751
491.000   1386.233
492.000   1386.702
493.000   1387.158
494.000   1387.600
495.000   1388.029
496.000   1388.446
497.000   1388.849
498.000   1389.240
499.000   1389.618
500.000   1389.984
501.000   1390.338
502.000   1390.679
503.000   1391.009
504.000   1391.326
505.000   1391.631
506.000   1391.924
507.000   1392.205
508.000   1392.473
509.000   1392.727
510.000   1392.968
511.000   1393.196
512.000   1393.408
513.000   1393.606
514.000   1393.787
515.000   1393.952
516.000   1394.100
517.000   1394.230
518.000   1394.341
519.000   1394.433
520.000   1394.505
521.000   1394.557
522.000   1394.588
523.000   1394.599

0.000   1394.599
1.000   1395.098
2.000   1396.575
3.000   1398.976
4.000   1402.215
5.000   1406.186
6.000   1410.765
7.000   1415.828
8.000   1421.252
9.000   1426.922
10.000   1432.738
11.000   1438.611
12.000   1444.470
13.000   1450.255
14.000   1455.922
15.000   1461.436
16.000   1466.772
17.000   1471.911
18.000   1476.843
19.000   1481.561
20.000   1486.062
21.000   1490.347
22.000   1494.418
23.000   1498.279
24.000   1501.936
25.000   1505.396
26.000   1508.664
27.000   1511.750
28.000   1514.661
29.000   1517.405
30.000   1519.990
31.000   1522.422
32.000   1524.711
33.000   1526.863
34.000   1528.886
35.000   1530.785
36.000   1532.567
37.000   1534.238
38.000   1535.803
39.000   1537.266
40.000   1538.634
41.000   1539.909
42.000   1541.096
43.000   1542.197
44.000   1543.218
45.000   1544.159
46.000   1545.025
47.000   1545.817
48.000   1546.538
49.000   1547.191
50.000   1547.778
51.000   1548.300
52.000   1548.760
53.000   1549.159
54.000   1549.501
55.000   1549.785
56.000   1550.015
57.000   1550.192
58.000   1550.318
59.000   1550.394
60.000   1550.422
61.000   1550.403
62.000   1550.338
63.000   1550.230
64.000   1550.078
65.000   1549.885
66.000   1549.651
67.000   1549.377
68.000   1549.064
69.000   1548.714
70.000   1548.326
71.000   1547.901
72.000   1547.440
73.000   1546.945
74.000   1546.414
75.000   1545.849
76.000   1545.251
77.000   1544.619
78.000   1543.954
79.000   1543.257
80.000   1542.529
81.000   1541.768
82.000   1540.976
83.000   1540.154
84.000   1539.301
85.000   1538.418
86.000   1537.504
87.000   1536.561
88.000   1535.589
89.000   1534.587
90.000   1533.557
91.000   1532.498
92.000   1531.410
93.000   1530.294
94.000   1529.150
95.000   1527.978
96.000   1526.778
97.000   1525.551
98.000   1524.296
99.000   1523.015
100.000   1521.706
101.000   1520.371
102.000   1519.010
103.000   1517.622
104.000   1516.208
105.000   1514.768
106.000   1513.303
107.000   1511.812
108.000   1510.296
109.000   1508.755
110.000   1507.189
111.000   1505.598
112.000   1503.983
113.000   1502.343
114.000   1500.679
115.000   1498.991
116.000   1497.279
117.000   1495.543
118.000   1493.783
119.000   1492.000
120.000   1490.194
121.000   1488.364
122.000   1486.511
123.000   1484.635
124.000   1482.736
125.000   1480.814
126.000   1478.870
127.000   1476.903
128.000   1474.914
129.000   1472.903
130.000   1470.869
131.000   1468.814
132.000   1466.736
133.000   1464.637
134.000   1462.517
135.000   1460.374
136.000   1458.211
137.000   1456.026
138.000   1453.821
139.000   1451.595
140.000   1449.348
141.000   1447.081
142.000   1444.794
143.000   1442.488
144.000   1440.162
145.000   1437.817
146.000   1435.453
147.000   1433.072
148.000   1430.672
149.000   1428.255
150.000   1425.821
151.000   1423.370
152.000   1420.904
153.000   1418.423
154.000   1415.926
155.000   1413.415
156.000   1410.891
157.000   1408.354
158.000   1405.805
159.000   1403.244
160.000   1400.673
161.000   1398.092
162.000   1395.502
163.000   1392.905
164.000   1390.301
165.000   1387.692
166.000   1385.079
167.000   1382.464
168.000   1379.848
169.000   1377.234
170.000   1374.622
171.000   1372.016
172.000   1369.417
173.000   1366.829
174.000   1364.254
175.000   1361.695
176.000   1359.156
177.000   1356.640
178.000   1354.151
179.000   1351.694
180.000   1349.274
181.000   1346.895
182.000   1344.563
183.000   1342.284
184.000   1340.066
185.000   1337.914
186.000   1335.837
187.000   1333.843
188.000   1331.940
189.000   1330.138
190.000   1328.446
191.000   1326.874
192.000   1325.432
193.000   1324.131
194.000   1322.979
195.000   1321.986
196.000   1321.161
197.000   1320.510
198.000   1320.041
199.000   1319.758
200.000   1319.663
201.000   1319.642
202.000   1319.580
203.000   1319.476
204.000   1319.331
205.000   1319.144
206.000   1318.916
207.000   1318.648
208.000   1318.340
209.000   1317.991
210.000   1317.603
211.000   1317.176
212.000   1316.711
213.000   1316.208
214.000   1315.668
215.000   1315.093
216.000   1314.481
217.000   1313.836
218.000   1313.158
219.000   1312.447
220.000   1311.707
221.000   1310.939
222.000   1310.145
223.000   1309.328
224.000   1308.491
225.000   1307.639
226.000   1306.779
227.000   1305.917
228.000   1305.064
229.000   1304.232
230.000   1303.438
231.000   1302.700
232.000   1302.038
233.000   1301.471
234.000   1301.010
235.000   1300.654
236.000   1300.397
237.000   1300.224
238.000   1300.120
239.000   1300.071
240.000   1300.064
241.000   1300.090
242.000   1300.141
243.000   1300.212
244.000   1300.297
245.000   1300.394
246.000   1300.500
247.000   1300.613
248.000   1300.731
249.000   1300.853
250.000   1300.978
251.000   1301.105
252.000   1301.233
253.000   1301.362
254.000   1301.491
255.000   1301.621
256.000   1301.750
257.000   1301.878
258.000   1302.006
259.000   1302.133
260.000   1302.258
261.000   1302.382
262.000   1302.503
263.000   1302.623
264.000   1302.740
265.000   1302.855
266.000   1302.967
267.000   1303.075
268.000   1303.181
269.000   1303.282
270.000   1303.381
271.000   1303.475
272.000   1303.565
273.000   1303.652
274.000   1303.735
275.000   1303.814
276.000   1303.889
277.000   1303.961
278.000   1304.029
279.000   1304.094
280.000   1304.156
281.000   1304.215
282.000   1304.272
283.000   1304.326
284.000   1304.377
285.000   1304.427
286.000   1304.473
287.000   1304.518
288.000   1304.560
289.000   1304.600
290.000   1304.637
291.000   1304.671
292.000   1304.702
293.000   1304.730
294.000   1304.754
295.000   1304.775
296.000   1304.792
297.000   1304.805
298.000   1304.814
299.000   1304.820
300.000   1304.822
301.000   1304.820
302.000   1304.816
303.000   1304.810
304.000   1304.801
305.000   1304.791
306.000   1304.779
307.000   1304.765
308.000   1304.751
309.000   1304.736
310.000   1304.720
311.000   1304.705
312.000   1304.691
313.000   1304.678
314.000   1304.666
315.000   1304.656
316.000   1304.649
317.000   1304.645
318.000   1304.644
319.000   1304.646
320.000   1304.653
321.000   1304.665
322.000   1304.683
323.000   1304.707
324.000   1304.737
325.000   1304.775
326.000   1304.822
327.000   1304.879
328.000   1304.947
329.000   1305.029
330.000   1305.125
331.000   1305.240
332.000   1305.375
333.000   1305.536
334.000   1305.727
335.000   1305.955
336.000   1306.228
337.000   1306.557
338.000   1306.957
339.000   1307.445
340.000   1308.046
341.000   1308.788
342.000   1309.708
343.000   1310.840
344.000   1312.219
345.000   1313.864
346.000   1315.776
347.000   1317.937
348.000   1320.315
349.000   1322.870
350.000   1325.567
351.000   1328.374
352.000   1331.264
353.000   1334.219
354.000   1337.222
355.000   1340.261
356.000   1343.326
357.000   1346.409
358.000   1349.505
359.000   1352.608
360.000   1355.715
361.000   1358.821
362.000   1361.924
363.000   1365.022
364.000   1368.112
365.000   1371.192
366.000   1374.261
367.000   1377.317
368.000   1380.359
369.000   1383.387
370.000   1386.399
371.000   1389.395
372.000   1392.374
373.000   1395.335
374.000   1398.278
375.000   1401.202
376.000   1404.107
377.000   1406.993
378.000   1409.859
379.000   1412.705
380.000   1415.530
381.000   1418.333
382.000   1421.115
383.000   1423.874
384.000   1426.610
385.000   1429.322
386.000   1432.010
387.000   1434.674
388.000   1437.312
389.000   1439.924
390.000   1442.510
391.000   1445.069
392.000   1447.602
393.000   1450.107
394.000   1452.585
395.000   1455.035
396.000   1457.457
397.000   1459.852
398.000   1462.220
399.000   1464.560
400.000   1466.873
401.000   1469.159
402.000   1471.418
403.000   1473.650
404.000   1475.855
405.000   1478.032
406.000   1480.183
407.000   1482.307
408.000   1484.403
409.000   1486.471
410.000   1488.511
411.000   1490.523
412.000   1492.505
413.000   1494.458
414.000   1496.380
415.000   1498.272
416.000   1500.132
417.000   1501.961
418.000   1503.758
419.000   1505.523
420.000   1507.256
421.000   1508.955
422.000   1510.622
423.000   1512.257
424.000   1513.859
425.000   1515.429
426.000   1516.967
427.000   1518.473
428.000   1519.948
429.000   1521.392
430.000   1522.805
431.000   1524.187
432.000   1525.538
433.000   1526.858
434.000   1528.148
435.000   1529.406
436.000   1530.633
437.000   1531.828
438.000   1532.990
439.000   1534.119
440.000   1535.214
441.000   1536.273
442.000   1537.297
443.000   1538.285
444.000   1539.235
445.000   1540.146
446.000   1541.019
447.000   1541.852
448.000   1542.645
449.000   1543.398
450.000   1544.110
451.000   1544.781
452.000   1545.411
453.000   1545.999
454.000   1546.547
455.000   1547.053
456.000   1547.518
457.000   1547.941
458.000   1548.323
459.000   1548.662
460.000   1548.960
461.000   1549.214
462.000   1549.424
463.000   1549.589
464.000   1549.708
465.000   1549.779
466.000   1549.801
467.000   1549.771
468.000   1549.688
469.000   1549.550
470.000   1549.353
471.000   1549.097
472.000   1548.777
473.000   1548.393
474.000   1547.941
475.000   1547.418
476.000   1546.823
477.000   1546.153
478.000   1545.404
479.000   1544.575
480.000   1543.664
481.000   1542.666
482.000   1541.579
483.000   1540.401
484.000   1539.126
485.000   1537.753
486.000   1536.276
487.000   1534.690
488.000   1532.992
489.000   1531.175
490.000   1529.233
491.000   1527.159
492.000   1524.947
493.000   1522.589
494.000   1520.077
495.000   1517.403
496.000   1514.557
497.000   1511.532
498.000   1508.318
499.000   1504.908
500.000   1501.291
501.000   1497.462
502.000   1493.412
503.000   1489.136
504.000   1484.630
505.000   1479.892
506.000   1474.921
507.000   1469.724
508.000   1464.309
509.000   1458.691
510.000   1452.895
511.000   1446.953
512.000   1440.910
513.000   1434.826
514.000   1428.774
515.000   1422.847
516.000   1417.151
517.000   1411.811
518.000   1406.960
519.000   1402.739
520.000   1399.284
521.000   1396.716
522.000   1395.134
523.000   1394.599

